DS18B20 LM35
28.81,23.95
28.81,24.44
28.75,23.95
28.75,24.44
28.75,24.44
28.69,24.44
28.69,23.95
28.62,23.95
-127.00,23.95
-127.00,23.95
28.56,23.95
28.50,24.44
28.50,24.44
28.44,23.46
28.44,24.44
28.37,24.44
28.37,23.95
28.37,24.44
28.31,24.44
28.31,24.44
28.31,24.44
28.25,24.44
28.25,24.44
28.19,23.95
28.19,24.44
28.19,23.95
28.19,24.44
28.19,24.44
28.12,23.95
28.12,24.44
28.06,24.44
28.06,23.95
28.00,24.44
28.00,24.44
27.94,24.93
27.87,24.44
27.87,24.44
27.87,24.44
27.81,24.44
27.81,24.44
27.75,24.44
27.75,24.44
27.75,24.44
27.75,24.44
27.75,24.44
27.69,24.44
27.69,24.44
27.69,24.44
27.62,24.93
27.62,24.93
27.62,24.44
27.56,24.44
27.56,24.44
27.56,24.44
27.56,24.44
-127.00,24.44
-127.00,24.44
27.56,24.93
27.56,24.93
27.56,24.44
27.50,24.93
27.50,24.93
27.44,24.44
27.44,24.44
27.44,24.44
27.44,24.44
27.37,24.44
27.37,24.44
27.37,24.44
27.37,24.44
27.37,24.44
27.37,24.93
27.31,24.93
27.31,24.93
24.94,21.99
18.56,18.08
14.69,16.62
12.44,15.15
10.94,14.17
9.94,13.69
9.13,12.71
8.56,12.22
8.00,11.73
6.81,11.24
5.75,10.26
5.06,10.26
4.69,10.26
4.44,10.26
4.25,10.26
4.13,9.78
3.94,9.78
3.81,9.29
3.75,9.29
3.69,9.29
3.63,9.29
3.63,8.80
3.56,9.29
3.56,8.80
3.56,8.80
3.50,8.31
3.50,8.31
3.50,8.80
3.44,8.80
3.38,8.31
3.31,8.31
3.25,8.31
3.25,8.31
3.19,7.82
3.19,7.82
3.13,8.31
3.13,7.82
3.13,7.82
3.13,8.31
3.13,7.82
3.13,7.82
3.13,8.31
3.06,7.82
3.06,7.82
3.06,8.31
3.06,7.82
3.06,7.82
3.06,7.33
3.06,7.33
3.06,7.82
3.00,7.82
3.00,7.82
3.00,7.82
3.00,7.33
3.00,7.82
3.00,7.33
3.00,7.33
3.00,7.33
2.81,7.82
2.56,7.82
2.50,7.82
2.44,7.33
2.44,7.33
2.50,7.82
2.50,7.33
2.44,7.82
2.44,7.82
3.94,8.31
15.25,14.17
24.87,19.06
31.06,22.48
35.38,24.44
38.38,27.37
40.75,28.84
42.63,30.30
43.81,31.28
44.63,32.75
45.25,33.72
45.69,34.70
46.06,35.19
46.38,35.68
46.63,36.66
46.88,37.63
47.19,37.63
47.38,38.12
47.50,38.61
47.63,39.10
47.69,40.08
47.75,40.08
47.75,40.57
47.81,40.57
47.81,41.06
47.81,41.06
47.88,41.54
47.88,41.54
47.88,41.54
47.88,42.03
47.94,41.54
47.94,41.54
47.94,42.52
47.94,42.52
47.94,42.52
48.00,42.52
48.00,42.52
48.00,42.52
48.00,42.52
48.00,43.01
48.00,42.52
48.00,43.01
48.00,43.01
48.00,43.01
48.00,43.01
48.00,43.01
48.00,43.50
47.94,43.01
47.94,43.01
47.94,43.01
47.88,43.01
47.88,43.50
47.88,43.01
47.81,43.01
47.81,43.01
47.81,43.50
47.75,43.01
47.75,43.50
47.75,43.50
47.75,43.50
47.69,43.50
47.69,43.50
47.69,43.50
47.63,43.50
47.63,43.50
47.63,43.01
47.56,43.50
47.56,43.01
47.06,43.01
46.25,42.03
45.31,42.03
44.44,41.06
43.69,40.57
42.94,40.08
42.19,40.08
41.38,39.10
40.50,38.61
39.75,38.12
39.13,37.63
38.56,36.66
38.13,36.66
37.75,36.66
37.38,35.68
-127.00,35.19
-127.00,34.70
-127.00,34.21
-127.00,34.21
-127.00,33.72
-127.00,33.24
-127.00,33.24
-127.00,32.75
-127.00,32.26
-127.00,32.26
-127.00,32.26
-127.00,31.77
-127.00,31.28
-127.00,31.28
-127.00,31.28
-127.00,31.28
-127.00,30.79
-127.00,30.79
-127.00,30.79
-127.00,30.30
